1.    Start Value is: 75
************************************************************************** 
        75       226       113       340       170        85       256       128        64        32
        16         8         4         2         1

The largest value in the sequence is:                 340
The position in the sequence of the largest value is:   4
************************************************************************** 
2.    Start Value is: 111
************************************************************************** 
       111       334       167       502       251       754       377      1132       566       283
       850       425      1276       638       319       958       479      1438       719      2158
      1079      3238      1619      4858      2429      7288      3644      1822       911      2734
      1367      4102      2051      6154      3077      9232      4616      2308      1154       577
      1732       866       433      1300       650       325       976       488       244       122
        61       184        92        46        23        70        35       106        53       160
        80        40        20        10         5        16         8         4         2         1

The largest value in the sequence is:                9232
The position in the sequence of the largest value is:  36
************************************************************************** 
3.    Start Value is: 678
************************************************************************** 
       678       339      1018       509      1528       764       382       191       574       287
       862       431      1294       647      1942       971      2914      1457      4372      2186
      1093      3280      1640       820       410       205       616       308       154        77
       232       116        58        29        88        44        22        11        34        17
        52        26        13        40        20        10         5        16         8         4
         2         1

The largest value in the sequence is:                4372
The position in the sequence of the largest value is:  19
************************************************************************** 
4.    Start Value is: 732
************************************************************************** 
       732       366       183       550       275       826       413      1240       620       310
       155       466       233       700       350       175       526       263       790       395
      1186       593      1780       890       445      1336       668       334       167       502
       251       754       377      1132       566       283       850       425      1276       638
       319       958       479      1438       719      2158      1079      3238      1619      4858
      2429      7288      3644      1822       911      2734      1367      4102      2051      6154
      3077      9232      4616      2308      1154       577      1732       866       433      1300
       650       325       976       488       244       122        61       184        92        46
        23        70        35       106        53       160        80        40        20        10
         5        16         8         4         2         1

The largest value in the sequence is:                9232
The position in the sequence of the largest value is:  62
************************************************************************** 
5.    Start Value is: 873
************************************************************************** 
       873      2620      1310       655      1966       983      2950      1475      4426      2213
      6640      3320      1660       830       415      1246       623      1870       935      2806
      1403      4210      2105      6316      3158      1579      4738      2369      7108      3554
      1777      5332      2666      1333      4000      2000      1000       500       250       125
       376       188        94        47       142        71       214       107       322       161
       484       242       121       364       182        91       274       137       412       206
       103       310       155       466       233       700       350       175       526       263
       790       395      1186       593      1780       890       445      1336       668       334
       167       502       251       754       377      1132       566       283       850       425
      1276       638       319       958       479      1438       719      2158      1079      3238
      1619      4858      2429      7288      3644      1822       911      2734      1367      4102
      2051      6154      3077      9232      4616      2308      1154       577      1732       866
       433      1300       650       325       976       488       244       122        61       184
        92        46        23        70        35       106        53       160        80        40
        20        10         5        16         8         4         2         1

The largest value in the sequence is:                9232
The position in the sequence of the largest value is: 114
************************************************************************** 
6.    Start Value is: 2048
************************************************************************** 
      2048      1024       512       256       128        64        32        16         8         4
         2         1

The largest value in the sequence is:                2048
The position in the sequence of the largest value is:   0
************************************************************************** 
7.    Start Value is: 65535
************************************************************************** 
